%% Frequency Set Selection experiment session sequence
% tests=genTestSequence();
function seq=genTestSequence()
    sudoku1=[3 7 5 2 1 6 4;
             2 6 1 3 7 4 5;
             1 5 4 6 2 3 7;
             7 2 3 4 5 1 6;
             4 3 7 1 6 5 2;
             6 1 2 5 4 7 3;
             5 4 6 7 3 2 1];
    sudoku2=[7 1 3 6 4 2 5;
             6 2 4 1 7 5 3;
             4 3 5 7 1 6 2;
             5 6 2 4 3 7 1;
             1 7 6 5 2 3 4;
             3 4 7 2 5 1 6;
             2 5 1 3 6 4 7];
    sudoku7=[7 6 1 4 5 3 2;
             4 5 3 6 2 7 1;
             6 1 2 3 4 5 7;
             5 7 6 2 1 4 3;
             1 4 7 5 3 2 6;
             2 3 5 1 7 6 4;
             3 2 4 7 6 1 5];
    sudoku8=[4 3 5 2 1 7 6;
             2 7 1 4 3 6 5;
             3 5 6 7 4 2 1;
             6 2 3 1 5 4 7;
             1 4 2 6 7 5 3;
             7 1 4 5 6 3 2;
             5 6 7 3 2 1 4];
    sudoku3=[6 5 7 3 4 2 1;
             3 4 2 6 5 1 7;
             5 7 1 2 6 3 4;
             2 3 4 1 7 6 5;
             4 6 3 5 1 7 2;
             7 1 6 4 2 5 3;
             1 2 5 7 3 4 6];
    sudoku4=[2 5 6 3 7 4 1;
             7 3 4 5 2 1 6;
             5 6 1 4 3 2 7;
             1 7 5 2 6 3 4;
             3 2 7 1 4 6 5;
             6 4 3 7 1 5 2;
             4 1 2 6 5 7 3];
    sudoku9=[1 5 3 2 6 4 7;
             4 2 6 5 1 7 3;
             2 3 7 4 5 1 6;
             6 4 1 7 3 5 2;
             5 1 2 6 7 3 4;
             7 6 5 3 4 2 1;
             3 7 4 1 2 6 5];
    sudoku10=[3 4 5 7 6 1 2;
              6 5 7 4 3 2 1;
              7 1 2 6 5 3 4;
              1 3 4 2 7 6 5;
              5 6 3 1 2 4 7;
              4 2 6 5 1 7 3;
              2 7 1 3 4 5 6];

    seq=[sudoku1 sudoku2 sudoku7 sudoku8;
         sudoku3 sudoku4 sudoku9 sudoku10];

end